3511,
3519,
3519,
3511,
3503,
3487,
3471,
3455,
3435,
3423,
3455,
3503,
3551,
3575,
3583,
3583,
3583,
3595,
3597,
3599,
3583,
3581,
3567,
3547,
3531,
3511,
3487,
3487,
3533,
3567,
3599,
3607,
3611,
3607,
3607,
3607,
3607,
3599,
3583,
3575,
3559,
3530,
3511,
3487,
3475,
3503,
3543,
3567,
3583,
3583,
3579,
3575,
3567,
3574,
3565,
3551,
3543,
3519,
3503,
3471,
3453,
3451,
3483,
3519,
3535,
3549,
3543,
3531,
3527,
3527,
3519,
3515,
3499,
3479,
3455,
3437,
3415,
3387,
3379,
3415,
3451,
3475,
3483,
3487,
3471,
3469,
3455,
3463,
3455,
3447,
3431,
3407,
3387,
3359,
3343,
3319,
3343,
3387,
3413,
3423,
3419,
3415,
3407,
3407,
3403,
3391,
3387,
3367,
3351,
3327,
3307,
3287,
3283,
3311,
3343,
3367,
3371,
3371,
3359,
3359,
3357,
3351,
3351,
3327,
3323,
3303,
3279,
3263,
3251,
3275,
3309,
3327,
3347,
3343,
3343,
3327,
3327,
3325,
3325,
3317,
3301,
3287,
3261,
3239,
3227,
3247,
3287,
3319,
3325,
3327,
3323,
3311,
3311,
3315,
3309,
3295,
3287,
3277,
3251,
3231,
3215,
3238,
3279,
3311,
3327,
3319,
3327,
3327,
3327,
3327,
3327,
3326,
3311,
3295,
3283,
3263,
3243,
3255,
3303,
3327,
3351,
3351,
3351,
3349,
3347,
3341,
3347,
3339,
3327,
3319,
3295,
3279,
3259,
3263,
3303,
3327,
3355,
3363,
3371,
3359,
3359,
3359,
3367,
3355,
3351,
3335,
3323,
3307,
3287,
3291,
3327,
3359,
3389,
3403,
3391,
3391,
3391,
3391,
3391,
3399,
3383,
3367,
3357,
3343,
3323,
3307,
3343,
3383,
3423,
3439,
3447,
3447,
3439,
3447,
3447,
3451,
3447,
3435,
3415,
3407,
3387,
3367,
3375,
3415,
3455,
3479,
3487,
3495,
3487,
3487,
3487,
3495,
3495,
3471,
3471,
3447,
3431,
3415,
3391,
3399,
3435,
3479,
3487,
3503,
3499,
3495,
3499,
3499,
3510,
3503,
3499,
3483,
3466,
3453,
3439,
3435,
3455,
3499,
3531,
3551,
3551,
3551,
3551,
3551,
3551,
3551,
3551,
3535,
3519,
3503,
3487,
3467,
3495,
3539,
3575,
3583,
3605,
3603,
3583,
3583,
3599,
3599,
3583,
3581,
3563,
3543,
3527,
3511,
3495,
3519,
3559,
3583,
3615,
3623,
3615,
3607,
3615,
3611,
3614,
3607,
3583,
3567,
3547,
3531,
3511,
3485,
3511,
3547,
3583,
3583,
3595,
3583,
3583,
3583,
3583,
3583,
3579,
3567,
3543,
3527,
3515,
3495,
3503,
3543,
3579,
3583,
3599,
3597,
3583,
3583,
3583,
3583,
3583,
3567,
3551,
3535,
3517,
3495,
3495,
3527,
3559,
3583,
3583,
3583,
3583,
3581,
3579,
3582,
3579,
3573,
3551,
3535,
3515,
3502,
3477,
3499,
3519,
3551,
3567,
3575,
3573,
3567,
3559,
3551,
3551,
3543,
3527,
3511,
3495,
3467,
3447,
3423,
3447,
3483,
3511,
3519,
3519,
3515,
3511,
3510,
3503,
3503,
3503,
3487,
3471,
3454,
3423,
3423,
3439,
3479,
3507,
3503,
3511,
3503,
3487,
3495,
3499,
3483,
3479,
3463,
3447,
3429,
3399,
3389,
3415,
3447,
3479,
3479,
3486,
3479,
3471,
3467,
3455,
3455,
3451,
3435,
3415,
3399,
3375,
3359,
3383,
3419,
3443,
3447,
3447,
3439,
3431,
3431,
3431,
3431,
3431,
3413,
3391,
3375,
3367,
3355,
3375,
3419,
3447,
3451,
3455,
3455,
3451,
3447,
3455,
3447,
3439,
3431,
3415,
3391,
3379,
3367,
3375,
3423,
3445,
3455,
3455,
3451,
3447,
3443,
3447,
3435,
3431,
3415,
3391,
3371,
3351,
3335,
3343,
3373,
3391,
3399,
3407,
3391,
3383,
3379,
3375,
3374,
3359,
3351,
3327,
3311,
3295,
3287,
3307,
3339,
3359,
3366,
3359,
3355,
3347,
3339,
3343,
3343,
3327,
3311,
3295,
3279,
3263,
3278,
3311,
3335,
3347,
3349,
3339,
3327,
3327,
3327,
3327,
3315,
3309,
3295,
3275,
3247,
3239,
3263,
3295,
3327,
3327,
3342,
3327,
3327,
3327,
3327,
3327,
3319,
3307,
3295,
3275,
3259,
3243,
3279,
3311,
3327,
3341,
3343,
3327,
3327,
3319,
3319,
3319,
3307,
3295,
3279,
3255,
3237,
3227,
3245,
3285,
3311,
3311,
3307,
3303,
3295,
3295,
3303,
3295,
3287,
3271,
3255,
3239,
3223,
3239,
3271,
3303,
3315,
3327,
3323,
3311,
3311,
3311,
3311,
3311,
3295,
3287,
3271,
3255,
3247,
3271,
3311,
3327,
3351,
3351,
3335,
3335,
3335,
3339,
3327,
3327,
3319,
3303,
3287,
3263,
3259,
3283,
3319,
3343,
3351,
3355,
3347,
3343,
3343,
3343,
3327,
3323,
3323,
3295,
3279,
3263,
3243,
3255,
3295,
3319,
3335,
3327,
3327,
3325,
3319,
3315,
3311,
3311,
3295,
3279,
3263,
3243,
3231,
3231,
3261,
3287,
3306,
3307,
3291,
3279,
3275,
3274,
3263,
3263,
3247,
3231,
3207,
3195,
3187,
3214,
3247,
3263,
3271,
3274,
3261,
3247,
3247,
3251,
3247,
3238,
3227,
3211,
3183,
3183,
3207,
3243,
3263,
3279,
3279,
3274,
3263,
3263,
3263,
3263,
3255,
3243,
3223,
3207,
3199,
3231,
3263,
3291,
3303,
3311,
3303,
3303,
3303,
3307,
3303,
3303,
3283,
3275,
3259,
3247,
3247,
3287,
3327,
3343,
3355,
3355,
3351,
3351,
3357,
3359,
3355,
3351,
3335,
3327,
3307,
3287,
3287,
3315,
3351,
3371,
3375,
3375,
3373,
3367,
3367,
3359,
3365,
3349,
3335,
3319,
3295,
3287,
3263,
3277,
3317,
3343,
3351,
3343,
3341,
3335,
3327,
3327,
3323,
3319,
3307,
3287,
3263,
3247,
3223,
3227,
3255,
3287,
3303,
3311,
3309,
3295,
3295,
3303,
3303,
3295,
3279,
3263,
3253,
3231,
3215,
3227,
3263,
3295,
3295,
3307,
3307,
3295,
3295,
3295,
3295,
3287,
3279,
3263,
3255,
3231,
3215,
3219,
3247,
3285,
3307,
3309,
3311,
3307,
3295,
3295,
3293,
3287,
3279,
3259,
3239,
3223,
3207,
3183,
3179,
3199,
3231,
3255,
3263,
3255,
3245,
3242,
3239,
3235,
3229,
3221,
3199,
3183,
3167,
3147,
3125,
3111,
3123,
3151,
3175,
3178,
3171,
3159,
3149,
3143,
3135,
3135,
3119,
3111,
3093,
3071,
3051,
3039,
3031,
3055,
3071,
3095,
3095,
3087,
3071,
3071,
3067,
3063,
3059,
3053,
3037,
3023,
2999,
2987,
2987,
3015,
3039,
3051,
3055,
3047,
3039,
3023,
3029,
3027,
3019,
3007,
2991,
2975,
2959,
2943,
2966,
2999,
3019,
3023,
3035,
3019,
3007,
3007,
3007,
2999,
2991,
2971,
2951,
2935,
2911,
2903,
2923,
2951,
2967,
2973,
2963,
2951,
2943,
2935,
2935,
2923,
2907,
2891,
2877,
2855,
2827,
2807,
2855,
2879,
2901,
2899,
2899,
2893,
2887,
2879,
2885,
2875,
2871,
2855,
2843,
2815,
2803,
2799,
2815,
2858,
2871,
2879,
2879,
2871,
2855,
2859,
2861,
2861,
2853,
2843,
2815,
2815,
2797,
2799,
2827,
2863,
2887,
2895,
2887,
2879,
2887,
2887,
2887,
2891,
2879,
2871,
2855,
2845,
2839,
2859,
2903,
2927,
2951,
2951,
2943,
2943,
2943,
2943,
2943,
2943,
2943,
2927,
2911,
2907,
2911,
2943,
2987,
3003,
3015,
3015,
3015,
3006,
3015,
3019,
3007,
3007,
2999,
2991,
2975,
2965,
2971,
3005,
3039,
3067,
3071,
3071,
3069,
3063,
3071,
3071,
3071,
3071,
3063,
3051,
3031,
3019,
3023,
3051,
3071,
3095,
3127,
3127,
3119,
3119,
3126,
3127,
3127,
3119,
3115,
3101,
3087,
3071,
3069,
3099,
3135,
3163,
3175,
3173,
3165,
3163,
3167,
3167,
3167,
3159,
3135,
3135,
3123,
3109,
3115,
3151,
3191,
3211,
3223,
3223,
3219,
3215,
3221,
3231,
3223,
3223,
3211,
3195,
3183,
3179,
3199,
3251,
3285,
3295,
3307,
3295,
3295,
3307,
3317,
3311,
3311,
3303,
3291,
3275,
3263,
3271,
3307,
3355,
3383,
3399,
3407,
3407,
3407,
3415,
3423,
3423,
3415,
3413,
3403,
3379,
3371,
3367,
3407,
3451,
3487,
3503,
3515,
3511,
3515,
3519,
3527,
3527,
3531,
3511,
3503,
3487,
3471,
3471,
3503,
3559,
3583,
3611,
3615,
3611,
3615,
3623,
3629,
3631,
3623,
3611,
3599,
3583,
3575,
3559,
3583,
3623,
3670,
3691,
3702,
3703,
3695,
3695,
3703,
3707,
3703,
3691,
3677,
3659,
3647,
3635,
3645,
3695,
3735,
3759,
3767,
3767,
3755,
3765,
3767,
3767,
3767,
3755,
3743,
3735,
3711,
3699,
3711,
3767,
7895,
1215,
1231,
1229,
1230,
1227,
1231,
1245,
1231,
1223,
1207,
1181,
1160,
1151,
1189,
1247,
1293,
1317,
1319,
1311,
1309,
1311,
1311,
1309,
1303,
1285,
1266,
1242,
1205,
1206,
1259,
1303,
1335,
1343,
1339,
1331,
1323,
1322,
1321,
1315,
1301,
1278,
1247,
1215,
1189,
1167,
1203,
1263,
1301,
1327,
1327,
1311,
1307,
1309,
1311,
1311,
1301,
1285,
1259,
1236,
1207,
1173,
1173,
1219,
1275,
1309,
1322,
1319,
1310,
1301,
1299,
1299,
1299,
1285,
1257,
1235,
1207,
1174,
1151,
1183,
1239,
1279,
1290,
1293,
1290,
1275,
1269,
1267,
1247,
1243,
1223,
1197,
1167,
1129,
1095,
1103,
1159,
1207,
1226,
1223,
1215,
1194,
1193,
1182,
1175,
1170,
1151,
1126,
1097,
1070,
1047,
1071,
1133,
1173,
1199,
1191,
1183,
1166,
1165,
1165,
1166,
1159,
1141,
1117,
1093,
1067,
1079,
1131,
1183,
1205,
1215,
1211,
1205,
1183,
1189,
1191,
1183,
1165,
1147,
1111,
1087,
1069,
1103,
1170,
1213,
1229,
1230,
1211,
1205,
1211,
1207,
1211,
1197,
1181,
1157,
1127,
1099,
1093,
1143,
1199,
1245,
1259,
1258,
1245,
1243,
1245,
1251,
1247,
1234,
1211,
1191,
1161,
1138,
1139,
1189,
1245,
1279,
1298,
1291,
1279,
1279,
1279,
1279,
1275,
1263,
1243,
1215,
1193,
1165,
1175,
1227,
1277,
1302,
1315,
1307,
1299,
1287,
1287,
1291,
1287,
1271,
1247,
1215,
1186,
1165,
1181,
1227,
1275,
1303,
1311,
1303,
1285,
1279,
1279,
1279,
1275,
1258,
1238,
1207,
1187,
1161,
1205,
1259,
1301,
1319,
1323,
1303,
1300,
1299,
1299,
1298,
1285,
1258,
1242,
1215,
1199,
1194,
1243,
1295,
1335,
1349,
1338,
1327,
1325,
1325,
1333,
1325,
1311,
1293,
1271,
1238,
1220,
1237,
1286,
1341,
1367,
1371,
1359,
1357,
1351,
1354,
1355,
1347,
1334,
1303,
1279,
1255,
1223,
1234,
1277,
1339,
1367,
1381,
1381,
1365,
1365,
1367,
1371,
1365,
1343,
1331,
1303,
1271,
1247,
1235,
1277,
1335,
1373,
1391,
1389,
1375,
1367,
1373,
1367,
1373,
1353,
1334,
1307,
1279,
1253,
1227,
1252,
1303,
1339,
1367,
1366,
1357,
1343,
1335,
1339,
1333,
1327,
1301,
1274,
1245,
1214,
1195,
1221,
1279,
1323,
1338,
1341,
1325,
1317,
1315,
1319,
1311,
1301,
1284,
1263,
1231,
1211,
1188,
1239,
1291,
1331,
1343,
1351,
1338,
1327,
1319,
1323,
1317,
1302,
1279,
1261,
1237,
1205,
1207,
1258,
1307,
1335,
1349,
1343,
1333,
1322,
1333,
1318,
1322,
1307,
1290,
1259,
1234,
1215,
1243,
1301,
1343,
1375,
1387,
1381,
1357,
1359,
1367,
1367,
1365,
1343,
1319,
1291,
1258,
1253,
1293,
1351,
1385,
1398,
1390,
1380,
1367,
1355,
1357,
1351,
1335,
1311,
1287,
1255,
1227,
1253,
1307,
1351,
1375,
1390,
1381,
1371,
1363,
1362,
1365,
1354,
1335,
1309,
1285,
1259,
1261,
1311,
1367,
1399,
1415,
1415,
1403,
1395,
1399,
1391,
1387,
1367,
1343,
1321,
1293,
1269,
1295,
1355,
1405,
1429,
1439,
1431,
1427,
1422,
1423,
1423,
1407,
1384,
1367,
1343,
1309,
1294,
1335,
1387,
1435,
1453,
1453,
1449,
1445,
1438,
1447,
1431,
1426,
1402,
1375,
1343,
1317,
1303,
1321,
1371,
1417,
1439,
1451,
1443,
1435,
1435,
1429,
1421,
1403,
1387,
1362,
1327,
1299,
1269,
1261,
1295,
1347,
1367,
1374,
1373,
1355,
1339,
1339,
1331,
1325,
1301,
1279,
1253,
1223,
1189,
1163,
1191,
1237,
1271,
1279,
1287,
1263,
1255,
1245,
1239,
1230,
1215,
1189,
1165,
1131,
1098,
1067,
1071,
1115,
1147,
1167,
1167,
1146,
1131,
1117,
1111,
1098,
1087,
1066,
1035,
1005,
973 ,
938 ,
923 ,
939 ,
980 ,
1010,
1013,
1010,
989 ,
973 ,
957 ,
958 ,
949 ,
925 ,
902 ,
877 ,
845 ,
807 ,
781 ,
805 ,
837 ,
869 ,
885 ,
874 ,
861 ,
839 ,
829 ,
815 ,
815 ,
799 ,
778 ,
751 ,
725 ,
691 ,
667 ,
682 ,
717 ,
750 ,
763 ,
757 ,
741 ,
724 ,
714 ,
703 ,
693 ,
677 ,
660 ,
630 ,
603 ,
585 ,
565 ,
599 ,
639 ,
660 ,
666 ,
651 ,
635 ,
623 ,
617 ,
612 ,
602 ,
599 ,
578 ,
557 ,
529 ,
521 ,
546 ,
597 ,
639 ,
648 ,
647 ,
645 ,
642 ,
648 ,
651 ,
650 ,
650 ,
630 ,
623 ,
605 ,
587 ,
623 ,
676 ,
719 ,
743 ,
747 ,
749 ,
745 ,
758 ,
763 ,
765 ,
767 ,
762 ,
749 ,
733 ,
727 ,
777 ,
837 ,
875 ,
901 ,
903 ,
903 ,
909 ,
923 ,
939 ,
941 ,
943 ,
930 ,
922 ,
906 ,
901 ,
937 ,
1005,
1042,
1065,
1077,
1071,
1071,
1079,
1095,
1095,
1087,
1079,
1063,
1047,
1035,
1065,
1119,
1173,
1195,
1205,
1194,
1197,
1207,
1215,
1221,
1207,
1207,
1193,
1179,
1173,
1215,
1274,
1311,
1331,
1330,
1325,
1327,
1327,
1327,
1323,
1317,
1295,
1277,
1253,
1247,
1293,
1343,
1381,
1397,
1405,
1395,
1399,
1403,
1398,
1398,
1391,
1365,
1343,
1317,
1295,
1295,
1335,
1387,
1407,
1415,
1407,
1403,
1387,
1391,
1391,
1381,
1359,
1343,
1317,
1286,
1246,
1263,
1303,
1339,
1359,
1362,
1354,
1342,
1341,
1334,
1339,
1325,
1315,
1291,
1271,
1246,
1227,
1258,
1299,
1327,
1339,
1349,
1342,
1334,
1323,
1311,
1309,
1298,
1279,
1247,
1223,
1199,
1199,
1237,
1285,
1303,
1315,
1315,
1311,
1307,
1314,
1301,
1298,
1285,
1269,
1246,
1215,
1190,
1186,
1226,
1271,
1287,
1299,
1307,
1291,
1285,
1279,
1275,
1259,
1243,
1221,
1195,
1167,
1143,
1125,
1151,
1182,
1202,
1215,
1215,
1195,
1183,
1181,
1175,
1161,
1134,
1111,
1083,
1055,
1029,
1018,
1055,
1087,
1106,
1110,
1095,
1077,
1070,
1055,
1051,
1045,
1023,
998 ,
974 ,
946 ,
933 ,
967 ,
1013,
1035,
1047,
1035,
1037,
1031,
1018,
1023,
1013,
997 ,
982 ,
950 ,
919 ,
917 ,
951 ,
991 ,
1021,
1029,
1031,
1015,
1010,
997 ,
989 ,
983 ,
965 ,
942 ,
919 ,
887 ,
886 ,
931 ,
973 ,
991 ,
997 ,
995 ,
982 ,
965 ,
957 ,
949 ,
941 ,
923 ,
895 ,
869 ,
843 ,
829 ,
869 ,
907 ,
931 ,
933 ,
934 ,
919 ,
903 ,
895 ,
891 ,
885 ,
869 ,
842 ,
826 ,
795 ,
767 ,
765 ,
807 ,
855 ,
878 ,
882 ,
874 ,
858 ,
846 ,
837 ,
831 ,
821 ,
804 ,
782 ,
751 ,
722 ,
690 ,
695 ,
731 ,
762 ,
775 ,
775 ,
759 ,
746 ,
730 ,
715 ,
709 ,
692 ,
669 ,
647 ,
617 ,
587 ,
570 ,
594 ,
635 ,
658 ,
661 ,
655 ,
635 ,
618 ,
605 ,
598 ,
583 ,
567 ,
546 ,
522 ,
491 ,
457 ,
469 ,
501 ,
538 ,
555 ,
551 ,
541 ,
520 ,
503 ,
489 ,
477 ,
471 ,
445 ,
415 ,
402 ,
366 ,
341 ,
362 ,
399 ,
438 ,
443 ,
446 ,
429 ,
413 ,
397 ,
383 ,
375 ,
367 ,
343 ,
4413,
3119,
3095,
3071,
3083,
3103,
3134,
3135,
3135,
3123,
3111,
3095,
3087,
3085,
3071,
3063,
3050,
3037,
3007,
2997,
3023,
3047,
3071,
3093,
3071,
3071,
3063,
3051,
3051,
3045,
3031,
3023,
3007,
2991,
2975,
2975,
3007,
3045,
3071,
3071,
3071,
3063,
3055,
3055,
3047,
3059,
3055,
3039,
3023,
3007,
3003,
3023,
3067,
3103,
3119,
3127,
3127,
3119,
3119,
3123,
3127,
3127,
3125,
3111,
3103,
3087,
3093,
3135,
3183,
3207,
3223,
3223,
3223,
3215,
3229,
3223,
3231,
3223,
3223,
3199,
3183,
3179,
3199,
3247,
3291,
3303,
3311,
3309,
3302,
3310,
3311,
3315,
3323,
3317,
3303,
3287,
3279,
3307,
3355,
3399,
3423,
3431,
3431,
3435,
3439,
3451,
3455,
3455,
3455,
3447,
3435,
3431,
3467,
3517,
3563,
3583,
3605,
3607,
3607,
3611,
3623,
3627,
3631,
3631,
3623,
3611,
3595,
3627,
3687,
3733,
3767,
3775,
7879,
1163,
1173,
1194,
1195,
1195,
1191,
1181,
1158,
1146,
1147,
1207,
1287,
1335,
1365,
1385,
1386,
1383,
1397,
1407,
1417,
1413,
1402,
1383,
1359,
1335,
1327,
1367,
1443,
1499,
1531,
1547,
1547,
1559,
1563,
1579,
1589,
1597,
1589,
1573,
1559,
1535,
1531,
1567,
1643,
1705,
1741,
1767,
1771,
1775,
1781,
1791,
1799,
1805,
1797,
1779,
1759,
1732,
1735,
1783,
1851,
1903,
1919,
1939,
1943,
1935,
1943,
1946,
1943,
1941,
1919,
1894,
1874,
1839,
1823,
1866,
1934,
1989,
2015,
2031,
2035,
2023,
2026,
2037,
2031,
2023,
2006,
1983,
1965,
1939,
1907,
1899,
1943,
2006,
2046,
2069,
2079,
2070,
2066,
2063,
2067,
2061,
2047,
2026,
1997,
1965,
1941,
1903,
1871,
1887,
1941,
1983,
2015,
2015,
2010,
1995,
1989,
1983,
1979,
1973,
1947,
1927,
1895,
1867,
1834,
1807,
1837,
1893,
1931,
1947,
1941,
1935,
1919,
1914,
1915,
1903,
1885,
1851,
1831,
1805,
1773,
1743,
1755,
1803,
1843,
1863,
1867,
1851,
1837,
1831,
1822,
1815,
1799,
1781,
1749,
1719,
1693,
1655,
1647,
1679,
1727,
1765,
1783,
1769,
1757,
1739,
1743,
1743,
1727,
1715,
1691,
1655,
1631,
1599,
1571,
1547,
1563,
1610,
1653,
1671,
1671,
1669,
1659,
1647,
1655,
1639,
1631,
1615,
1583,
1551,
1522,
1483,
1455,
1446,
1486,
1527,
1535,
1535,
1531,
1515,
1503,
1490,
1493,
1478,
1451,
1431,
1399,
1371,
1339,
1299,
1303,
1349,
1391,
1407,
1413,
1407,
1391,
1379,
1375,
1375,
1367,
1358,
1335,
1311,
1285,
1259,
1279,
1323,
1371,
1391,
1402,
1391,
1375,
1366,
1373,
1370,
1367,
1350,
1325,
1301,
1275,
1262,
1293,
1343,
1367,
1381,
1367,
1353,
1335,
1331,
1327,
1317,
1301,
1279,
1258,
1223,
1194,
1174,
1199,
1243,
1271,
1279,
1269,
1258,
1237,
1227,
1215,
1215,
1198,
1175,
1151,
1125,
1093,
1059,
1055,
1087,
1134,
1150,
1151,
1134,
1114,
1087,
1085,
1083,
1071,
1053,
1031,
987 ,
969 ,
939 ,
906 ,
919 ,
965 ,
991 ,
1003,
995 ,
973 ,
951 ,
938 ,
927 ,
922 ,
911 ,
891 ,
859 ,
831 ,
801 ,
781 ,
767 ,
806 ,
845 ,
873 ,
875 ,
859 ,
841 ,
823 ,
811 ,
805 ,
799 ,
789 ,
767 ,
741 ,
714 ,
686 ,
661 ,
683 ,
725 ,
755 ,
767 ,
767 ,
747 ,
731 ,
727 ,
733 ,
727 ,
719 ,
713 ,
690 ,
665 ,
648 ,
634 ,
675 ,
719 ,
759 ,
767 ,
767 ,
757 ,
747 ,
751 ,
759 ,
765 ,
756 ,
751 ,
733 ,
714 ,
693 ,
683 ,
725 ,
783 ,
841 ,
861 ,
879 ,
883 ,
877 ,
891 ,
906 ,
922 ,
927 ,
922 ,
910 ,
903 ,
887 ,
879 ,
863 ,
901 ,
973 ,
1031,
1071,
1099,
1111,
1117,
1135,
1157,
1171,
1183,
1189,
1183,
1173,
1151,
1146,
1130,
1123,
1141,
1207,
1279,
1327,
1349,
1365,
1373,
1383,
1399,
1413,
1423,
1423,
1415,
1397,
1382,
1367,
1354,
1335,
1323,
1319,
1367,
1447,
1499,
1535,
1559,
1578,
1597,
1635,
1659,
1687,
1695,
1695,
1701,
1701,
1701,
1699,
1687,
1677,
1711,
1783,
1839,
1867,
1883,
1899,
1894,
1910,
1930,
1919,
1917,
1909,
1887,
1866,
1844,
1815,
1791,
1770,
1741,
1706,
1685,
1695,
1747,
1805,
1831,
1842,
1835,
1831,
1829,
1823,
1835,
1827,
1799,
1773,
1751,
1715,
1690,
1647,
1629,
1591,
1575,
1599,
1653,
1687,
1694,
1691,
1687,
1663,
1669,
1669,
1663,
1651,
1629,
1599,
1567,
1543,
1519,
1487,
1461,
1483,
1535,
1575,
1591,
1595,
1587,
1575,
1573,
1571,
1575,
1557,
1531,
1515,
1487,
1461,
1434,
1403,
1387,
1423,
1480,
1515,
1523,
1527,
1517,
1503,
1509,
1507,
1501,
1495,
1471,
1450,
1421,
1391,
1366,
1335,
1311,
1279,
1298,
1349,
1407,
1429,
1437,
1431,
1419,
1413,
1421,
1422,
1415,
1399,
1389,
1350,
1319,
1298,
1269,
1245,
1243,
1289,
1355,
1399,
1423,
1435,
1435,
1435,
1443,
1455,
1455,
1446,
1422,
1403,
1375,
1354,
1322,
1291,
1302,
1357,
1407,
1431,
1439,
1431,
1415,
1407,
1405,
1417,
1403,
1391,
1373,
1343,
1311,
1277,
1251,
1258,
1301,
1365,
1406,
1407,
1407,
1403,
1397,
1397,
1399,
1399,
1383,
1367,
1339,
1309,
1279,
1254,
1263,
1317,
1373,
1417,
1415,
1421,
1399,
1391,
1391,
1397,
1389,
1375,
1353,
1327,
1291,
1258,
1231,
1247,
1300,
1355,
1386,
1391,
1385,
1363,
1358,
1363,
1365,
1362,
1343,
1323,
1300,
1271,
1239,
1251,
1301,
1359,
1397,
1405,
1403,
1389,
1389,
1391,
1399,
1391,
1381,
1363,
1335,
1303,
1283,
1299,
1359,
1423,
1461,
1469,
1479,
1471,
1467,
1482,
1487,
1486,
1478,
1461,
1435,
1415,
1391,
1421,
1493,
1547,
1594,
1615,
1622,
1623,
1623,
1643,
1651,
1653,
1643,
1627,
1613,
1595,
1573,
1587,
1655,
1723,
1779,
1803,
1823,
1818,
1829,
1839,
1855,
1855,
1851,
1839,
1823,
1803,
1782,
1759,
1770,
1815,
1891,
1939,
1963,
1975,
1973,
1981,
1983,
1995,
1999,
1994,
1979,
1961,
1943,
1919,
1907,
1927,
1991,
2047,
2089,
2111,
2111,
2111,
2119,
2133,
2139,
2141,
2141,
2119,
2110,
2095,
2077,
2075,
2119,
2191,
2247,
2279,
2293,
2303,
2301,
2303,
2303,
2299,
2295,
2282,
2255,
2231,
2203,
2175,
2167,
2218,
2279,
2327,
2347,
2363,
2351,
2335,
2343,
2349,
2347,
2335,
2323,
2299,
2283,
2263,
2239,
2266,
2327,
2397,
2431,
2455,
2463,
2455,
2431,
2429,
2423,
2413,
2391,
2367,
2334,
2299,
2263,
2271,
2314,
2359,
2379,
2375,
2367,
2343,
2323,
2315,
2301,
2287,
2251,
2230,
2191,
2155,
2138,
2173,
2219,
2259,
2279,
2269,
2263,
2239,
2231,
2223,
2217,
2199,
2167,
2135,
2095,
2059,
2043,
2079,
2135,
2171,
2187,
2182,
2183,
2159,
2143,
2133,
2117,
2095,
2067,
2031,
1991,
1943,
1911,
1931,
1981,
2023,
2042,
2038,
2031,
2011,
1999,
1990,
1979,
1966,
1943,
1919,
1885,
1847,
1815,
1818,
1866,
1911,
1930,
1935,
1933,
1911,
1899,
1893,
1871,
1863,
1837,
1807,
1773,
1733,
1699,
1663,
1653,
1695,
1743,
1766,
1773,
1771,
1763,
1743,
1733,
1723,
1711,
1695,
1663,
1639,
1603,
1566,
1527,
1509,
1534,
1579,
1615,
1623,
1621,
1611,
1591,
1574,
1559,
1547,
1535,
1509,
1477,
1449,
1414,
1375,
1335,
1325,
1365,
1407,
1431,
1439,
1439,
1423,
1407,
1397,
1397,
1387,
1367,
1354,
1322,
1291,
1259,
1229,
1253,
1290,
1342,
1354,
1375,
1361,
1351,
1335,
1333,
1327,
1319,
1303,
1279,
1252,
1223,
1191,
1165,
1199,
1253,
1298,
1322,
1323,
1319,
1309,
1298,
1294,
1295,
1290,
1271,
1247,
1215,
1193,
1167,
1151,
1191,
1247,
1287,
1299,
1303,
1291,
1285,
1271,
1258,
1258,
1247,
1227,
1206,
1174,
1139,
1111,
1093,
1127,
1179,
1213,
1225,
1221,
1207,
1194,
1179,
1173,
1171,
1163,
1143,
1114,
1087,
1062,
1029,
1042,
1087,
1138,
1151,
1161,
1151,
1131,
1129,
1118,
1111,
1105,
1091,
1063,
1043,
1011,
987 ,
986 ,
1033,
1083,
1113,
1119,
1118,
1107,
1094,
1086,
1079,
1083,
1071,
1050,
1031,
1007,
973 ,
967 ,
1005,
1063,
1098,
1115,
1126,
1110,
1098,
1095,
1097,
1097,
1085,
1066,
1045,
1027,
997 ,
973 ,
999 ,
1050,
1095,
1117,
1125,
1117,
1099,
1095,
1087,
1087,
1083,
1055,
1038,
1019,
991 ,
962 ,
974 ,
1019,
1063,
1087,
1093,
1083,
1077,
1061,
1059,
1065,
1059,
1047,
1027,
1003,
983 ,
959 ,
982 ,
1031,
1077,
1099,
1103,
1099,
1087,
1079,
1082,
1077,
1067,
1059,
1042,
1019,
991 ,
978 ,
1015,
1067,
1111,
1133,
1140,
1133,
1126,
1119,
1119,
1117,
1108,
1099,
1083,
1055,
1035,
1015,
1047,
1102,
1149,
1165,
1171,
1165,
1159,
1151,
1147,
1149,
1141,
1130,
1110,
1087,
1062,
1031,
1061,
1109,
1151,
1165,
1170,
1161,
1147,
1135,
1131,
1127,
1117,
1098,
1083,
1053,
1023,
1005,
1038,
1095,
1122,
1143,
1142,
1133,
1117,
1111,
1110,
1109,
1093,
1095,
1067,
1043,
1015,
1007,
1037,
1093,
1129,
1141,
1139,
1129,
1111,
1118,
1109,
1114,
1099,
1083,
1053,
1033,
1007,
989 ,
1031,
1079,
1117,
1138,
1141,
1130,
1123,
1119,
1115,
1115,
1109,
1095,
1075,
1053,
1023,
1018,
1050,
1106,
1143,
1159,
1165,
1151,
1150,
1147,
1151,
1147,
1139,
1125,
1101,
1079,
1051,
1033,
1058,
1111,
1151,
1175,
1175,
1173,
1161,
1151,
1157,
1151,
1143,
1129,
1106,
1078,
1055,
1031,
1035,
1093,
1133,
1158,
1159,
1147,
1133,
1127,
1129,
1125,
1119,
1103,
1085,
1061,
1031,
1014,
1038,
1087,
1125,
1147,
1150,
1141,
1130,
1123,
1119,
1115,
1111,
1095,
1079,
1055,
1028,
1028,
1071,
1123,
1151,
1167,
1165,
1149,
1141,
1140,
1135,
1141,
1134,
1109,
1092,
1071,
1051,
1078,
1135,
1179,
1199,
1215,
1199,
1197,
1195,
1194,
1194,
1193,
1178,
1159,
1135,
1125,
1098,
1123,
1181,
1227,
1243,
1259,
1247,
1247,
1247,
1245,
1247,
1239,
1229,
1219,
1187,
1167,
1149,
1171,
1221,
1261,
1287,
1289,
1287,
1275,
1271,
1269,
1267,
1253,
1238,
1215,
1193,
1163,
1143,
1127,
1159,
1205,
1235,
1243,
1245,
1229,
1215,
1215,
1215,
1207,
1199,
1183,
1165,
1135,
1109,
1079,
1107,
1157,
1191,
1213,
1215,
1211,
1189,
1181,
1181,
1179,
1170,
1155,
1135,
1114,
1079,
1067,
1099,
1135,
1173,
1183,
1179,
1163,
1151,
1143,
1141,
1141,
1126,
1111,
1086,
1069,
1043,
1019,
1031,
1077,
1109,
1135,
1131,
1130,
1115,
1103,
1106,
1102,
1095,
1085,
1061,
1039,
1013,
986 ,
978 ,
1011,
1055,
1086,
1099,
1098,
1086,
1077,
1067,
1061,
1067,
1050,
1031,
1018,
989 ,
959 ,
939 ,
934 ,
970 ,
1007,
1037,
1047,
1039,
1023,
1021,
1015,
1029,
1018,
1011,
997 ,
975 ,
955 ,
927 ,
919 ,
951 ,
1002,
1030,
1050,
1042,
1042,
1023,
1023,
1023,
1023,
1015,
997 ,
987 ,
962 ,
943 ,
922 ,
947 ,
997 ,
1035,
1055,
1061,
1053,
1050,
1045,
1053,
1053,
1046,
1042,
1014,
997 ,
987 ,
959 ,
964 ,
1015,
1061,
1094,
1107,
1101,
1095,
1095,
1099,
1103,
1096,
1087,
1075,
1053,
1034,
1013,
989 ,
1021,
1071,
1107,
1129,
1133,
1119,
1115,
1115,
1111,
1114,
1103,
1098,
1087,
1063,
1039,
1023,
1037,
1082,
1115,
1151,
1167,
1167,
1163,
1151,
1167,
1165,
1171,
1151,
1147,
1129,
1102,
1087,
1109,
1159,
1207,
1227,
1235,
1229,
1223,
1223,
1220,
1227,
1219,
1211,
1194,
1170,
1151,
1135,
1174,
1227,
1275,
1295,
1315,
1319,
1323,
1334,
1351,
1365,
1373,
1365,
1355,
1339,
1325,
1319,
1351,
1406,
1437,
1455,
1455,
1447,
1447,
1443,
1438,
1435,
1421,
1407,
1387,
1355,
1333,
1303,
1317,
1363,
1405,
1415,
1426,
1419,
1403,
1399,
1405,
1399,
1399,
1385,
1367,
1341,
1330,
1307,
1341,
1397,
1434,
1447,
1463,
1450,
1439,
1445,
1446,
1445,
1435,
1429,
1403,
1386,
1359,
1371,
1413,
1463,
1491,
1503,
1501,
1493,
1495,
1490,
1485,
1483,
1477,
1451,
1431,
1407,
1386,
1363,
1383,
1431,
1471,
1503,
1510,
1503,
1503,
1495,
1499,
1499,
1499,
1477,
1467,
1438,
1419,
1391,
1370,
1342,
1319,
1355,
1399,
1446,
1467,
1471,
1467,
1459,
1467,
1471,
1469,
1461,
1447,
1427,
1407,
1389,
1367,
1349,
1353,
1399,
1447,
1469,
1477,
1482,
1471,
1469,
1466,
1471,
1463,
1453,
1435,
1419,
1391,
1370,
1355,
1397,
1450,
1486,
1495,
1503,
1495,
1479,
1482,
1483,
1481,
1471,
1451,
1429,
1407,
1385,
1375,
1407,
1459,
1495,
1517,
1509,
1501,
1487,
1490,
1491,
1483,
1471,
1455,
1431,
1413,
1387,
1355,
1365,
1403,
1453,
1483,
1487,
1481,
1471,
1461,
1463,
1455,
1450,
1438,
1415,
1387,
1367,
1335,
1307,
1325,
1371,
1407,
1437,
1437,
1431,
1419,
1407,
1407,
1407,
1399,
1387,
1371,
1341,
1322,
1299,
1275,
1301,
1351,
1389,
1403,
1415,
1405,
1395,
1390,
1391,
1389,
1383,
1375,
1353,
1333,
1311,
1287,
1300,
1349,
1399,
1429,
1450,
1443,
1431,
1429,
1438,
1444,
1439,
1431,
1421,
1402,
1381,
1351,
1353,
1397,
1463,
1495,
1514,
1513,
1511,
1503,
1507,
1509,
1514,
1503,
1495,
1477,
1453,
1430,
1413,
1423,
1477,
1525,
1555,
1559,
1555,
1543,
1535,
1535,
1535,
1535,
1525,
1509,
1483,
1461,
1435,
1403,
1379,
1355,
1387,
1435,
1471,
1483,
1485,
1477,
1461,
1453,
1447,
1450,
1443,
1429,
1403,
1379,
1354,
1327,
1301,
1267,
1263,
1301,
1347,
1383,
1395,
1397,
1385,
1370,
1367,
1371,
1383,
1365,
1349,
1323,
1303,
1277,
1251,
1229,
1205,
1215,
1269,
1327,
1349,
1353,
1350,
1342,
1333,
1339,
1343,
1349,
1339,
1325,
1303,
1285,
1255,
1243,
1211,
1221,
1274,
1334,
1363,
1379,
1371,
1366,
1359,
1371,
1375,
1379,
1373,
1359,
1342,
1325,
1298,
1270,
1259,
1287,
1350,
1402,
1429,
1431,
1431,
1423,
1421,
1435,
1439,
1439,
1435,
1415,
1398,
1379,
1353,
1331,
1339,
1391,
1446,
1482,
1498,
1495,
1487,
1483,
1490,
1499,
1499,
1499,
1479,
1469,
1439,
1413,
1402,
1435,
1499,
1535,
1565,
1579,
1575,
1567,
1570,
1575,
1577,
1571,
1571,
1543,
1530,
1511,
1495,
1543,
1599,
1653,
1675,
1690,
1686,
1679,
1687,
1693,
1699,
1695,
1687,
1671,
1647,
1627,
1623,
1663,
1727,
1781,
1813,
1815,
1819,
1811,
1811,
1819,
1830,
1823,
1815,
1789,
1773,
1755,
1727,
1739,
1791,
1847,
1879,
1895,
1885,
1875,
1877,
1877,
1885,
1875,
1860,
1843,
1819,
1799,
1767,
1743,
1719,
1695,
1703,
1759,
1815,
1851,
1863,
1863,
1861,
1851,
1855,
1862,
1867,
1851,
1823,
1799,
1775,
1749,
1719,
1691,
1663,
1636,
1658,
1706,
1755,
1779,
1783,
1781,
1759,
1750,
1739,
1749,
1727,
1717,
1691,
1655,
1627,
1591,
1559,
1527,
1499,
1498,
1543,
1589,
1613,
1605,
1591,
1563,
1549,
1535,
1535,
1527,
1510,
1485,
1445,
1407,
1371,
1335,
1310,
1291,
1303,
1353,
1387,
1391,
1387,
1366,
1342,
1335,
1327,
1327,
1311,
1293,
1270,
1243,
1214,
1186,
1162,
1193,
1247,
1279,
1293,
1303,
1291,
1279,
1271,
1271,
1271,
1269,
1255,
1239,
1221,
1191,
1162,
1187,
1242,
1299,
1333,
1347,
1351,
1333,
1335,
1335,
1350,
1339,
1349,
1333,
1317,
1279,
1269,
1286,
1341,
1405,
1439,
1451,
1453,
1443,
1439,
1439,
1446,
1443,
1435,
1419,
1402,
1381,
1355,
1365,
1415,
1477,
1511,
1519,
1518,
1483,
1487,
1482,
1485,
1485,
1463,
1447,
1426,
1395,
1367,
1335,
1323,
1363,
1423,
1466,
1487,
1491,
1471,
1458,
1449,
1451,
1451,
1439,
1426,
1405,
1381,
1355,
1321,
1287,
1299,
1352,
1413,
1445,
1461,
1461,
1445,
1429,
1434,
1443,
1443,
1429,
1415,
1391,
1363,
1339,
1306,
1279,
1285,
1339,
1403,
1439,
1455,
1451,
1445,
1431,
1435,
1443,
1445,
1443,
1427,
1407,
1381,
1347,
1322,
1290,
1314,
1375,
1439,
1469,
1479,
1475,
1455,
1449,
1447,
1453,
1455,
1429,
1415,
1386,
1359,
1327,
1295,
1279,
1319,
1381,
1419,
1439,
1443,
1427,
1413,
1407,
1407,
1407,
1397,
1389,
1359,
1335,
1303,
1271,
1279,
1323,
1399,
1443,
1451,
1451,
1431,
1423,
1431,
1445,
1451,
1439,
1429,
1406,
1385,
1363,
1386,
1451,
1523,
1565,
1583,
1591,
1575,
1575,
1583,
1589,
1587,
1581,
1573,
1557,
1535,
1523,
1565,
1643,
1695,
1735,
1755,
1749,
1749,
1751,
1765,
1775,
1773,
1771,
1755,
1733,
1707,
1723,
1787,
1847,
1895,
1909,
1917,
1903,
1893,
1902,
1909,
1903,
1898,
1883,
1863,
1835,
1806,
1803,
1847,
1919,
1957,
1967,
1951,
1935,
1915,
1909,
1909,
1897,
1879,
1855,
1834,
1791,
1759,
1723,
1687,
1661,
1703,
1767,
1813,
1829,
1822,
1791,
1779,
1773,
1771,
1767,
1755,
1735,
1707,
1675,
1639,
1611,
1573,
1551,
1591,
1655,
1718,
1743,
1746,
1727,
1715,
1707,
1717,
1723,
1711,
1691,
1675,
1643,
1618,
1581,
1557,
1547,
1606,
1687,
1741,
1765,
1771,
1767,
1747,
1749,
1766,
1775,
1771,
1759,
1743,
1711,
1687,
1663,
1637,
1679,
1759,
1830,
1870,
1885,
1879,
1871,
1871,
1883,
1899,
1899,
1885,
1866,
1839,
1811,
1775,
1715,
1746,
1811,
1875,
1919,
1935,
1933,
1919,
1907,
1903,
1911,
1909,
1887,
1871,
1843,
1811,
1783,
1749,
1757,
1819,
1886,
1925,
1947,
1946,
1933,
1931,
1935,
1941,
1939,
1931,
1915,
1893,
1863,
1829,
1829,
1871,
1959,
2021,
2047,
2063,
2047,
2043,
2047,
2067,
2063,
2066,
2047,
2027,
2003,
1981,
1994,
2059,
2139,
2191,
2223,
2235,
2229,
2221,
2231,
2245,
2239,
2239,
2221,
2203,
2175,
2155,
2175,
2251,
2331,
2379,
2407,
2411,
2411,
2407,
2415,
2421,
2423,
2411,
2395,
2375,
2347,
2319,
2303,
2351,
2431,
2495,
2527,
2543,
2535,
2534,
2523,
2531,
2535,
2526,
2507,
2473,
2441,
2407,
2374,
2347,
2301,
2271,
2287,
2363,
2431,
2474,
2487,
2487,
2485,
2479,
2479,
2486,
2483,
2463,
2441,
2413,
2375,
2346,
2315,
2283,
2251,
2215,
2207,
2263,
2343,
2375,
2399,
2415,
2405,
2399,
2399,
2413,
2413,
2405,
2381,
2357,
2325,
2287,
2263,
2231,
2203,
2171,
2175,
2239,
2303,
2349,
2351,
2355,
2335,
2326,
2327,
2325,
2323,
2303,
2283,
2250,
2223,
2186,
2149,
2111,
2090,
2123,
2187,
2237,
2251,
2247,
2231,
2207,
2195,
2190,
2187,
2165,
2143,
2107,
2067,
2027,
1983,
1941,
1903,
1919,
1971,
2014,
2035,
2023,
2007,
1979,
1957,
1949,
1943,
1926,
1903,
1867,
1835,
1791,
1755,
1719,
1723,
1775,
1831,
1847,
1851,
1847,
1823,
1802,
1803,
1799,
1791,
1779,
1757,
1727,
1694,
1655,
1655,
1717,
1771,
1813,
1830,
1831,
1819,
1803,
1811,
1815,
1815,
1807,
1791,
1775,
1741,
1723,
1759,
1831,
1898,
1943,
1959,
1959,
1957,
1958,
1973,
1983,
1982,
1975,
1951,
1935,
1914,
1931,
1999,
2071,
2123,
2143,
2159,
2149,
2135,
2155,
2165,
2159,
2149,
2135,
2111,
2087,
2063,
2106,
2187,
2247,
2279,
2295,
2291,
2279,
2271,
2277,
2279,
2266,
2247,
2219,
2186,
2159,
2127,
2103,
2159,
2229,
2271,
2295,
2293,
2279,
2267,
2261,
2263,
2254,
2239,
2207,
2183,
2143,
2119,
2087,
2047,
2015,
2011,
2067,
2122,
2151,
2159,
2157,
2139,
2133,
2127,
2127,
2111,
2091,
2063,
2037,
2003,
1965,
1935,
1897,
1863,
1859,
1903,
1947,
1963,
1959,
1959,
1934,
1919,
1911,
1902,
1891,
1867,
1829,
1806,
1770,
1727,
1693,
1655,
1618,
1619,
1655,
1687,
1699,
1694,
1671,
1653,
1629,
1623,
1618,
1591,
1567,
1531,
1495,
1454,
1419,
1375,
1339,
1311,
1338,
1370,
1385,
1389,
1375,
1355,
1334,
1319,
1303,
1290,
1262,
1231,
1199,
1171,
1129,
1095,
1069,
1095,
1135,
1175,
1181,
1175,
1165,
1143,
1141,
1134,
1130,
1117,
1099,
1079,
1055,
1022,
987 ,
1013,
1071,
1131,
1162,
1178,
1175,
1166,
1167,
1170,
1173,
1170,
1167,
1151,
1133,
1111,
1093,
1114,
1195,
1261,
1299,
1319,
1322,
1315,
1309,
1319,
1327,
1319,
1306,
1289,
1269,
1239,
1227,
1269,
1339,
1391,
1415,
1415,
1405,
1397,
1390,
1387,
1379,
1386,
1365,
1339,
1318,
1291,
1262,
1287,
1343,
1398,
1422,
1423,
1402,
1375,
1363,
1358,
1351,
1335,
1317,
1285,
1253,
1215,
1181,
1143,
1149,
1205,
1247,
1274,
1277,
1259,
1231,
1211,
1203,
1189,
1181,
1160,
1135,
1109,
1075,
1035,
999 ,
997 ,
1037,
1097,
1124,
1125,
1117,
1095,
1077,
1061,
1060,
1050,
1033,
1007,
986 ,
950 ,
911 ,
877 ,
893 ,
951 ,
991 ,
1014,
1015,
999 ,
979 ,
959 ,
959 ,
959 ,
941 ,
927 ,
904 ,
878 ,
850 ,
813 ,
809 ,
841 ,
914 ,
935 ,
943 ,
927 ,
910 ,
886 ,
875 ,
875 ,
861 ,
853 ,
831 ,
802 ,
767 ,
743 ,
717 ,
758 ,
802 ,
831 ,
840 ,
823 ,
803 ,
782 ,
767 ,
758 ,
754 ,
727 ,
711 ,
677 ,
654 ,
614 ,
602 ,
645 ,
692 ,
725 ,
730 ,
727 ,
703 ,
693 ,
679 ,
682 ,
677 ,
663 ,
647 ,
615 ,
597 ,
580 ,
613 ,
677 ,
725 ,
751 ,
759 ,
757 ,
747 ,
745 ,
747 ,
757 ,
751 ,
743 ,
730 ,
710 ,
709 ,
758 ,
831 ,
903 ,
931 ,
951 ,
954 ,
954 ,
966 ,
979 ,
991 ,
995 ,
991 ,
986 ,
975 ,
983 ,
1063,
1149,
1214,
1258,
1271,
1271,
1279,
1303,
1323,
1335,
1338,
1335,
1323,
1310,
1339,
1407,
1503,
1551,
1581,
1595,
1595,
1599,
1615,
1623,
1631,
1635,
1619,
1605,
1583,
1563,
1567,
1642,
1725,
1775,
1799,
1801,
1802,
1799,
1805,
1819,
1823,
1811,
1791,
1775,
1751,
1727,
1705,
1685,
1695,
1783,
1847,
1883,
1898,
1902,
1887,
1886,
1893,
1899,
1895,
1879,
1863,
1835,
1805,
1775,
1751,
1727,
1757,
1831,
1883,
1903,
1909,
1901,
1887,
1882,
1887,
1885,
1877,
1853,
1827,
1791,
1763,
1735,
1695,
1663,
1647,
1691,
1743,
1771,
1773,
1765,
1737,
1723,
1719,
1710,
1694,
1671,
1631,
1599,
1559,
1517,
1471,
1435,
1407,
1435,
1471,
1482,
1471,
1450,
1423,
1397,
1379,
1355,
1341,
1311,
1279,
1246,
1205,
1162,
1123,
1095,
1111,
1142,
1165,
1157,
1151,
1119,
1103,
1085,
1079,
1065,
1031,
1014,
986 ,
958 ,
923 ,
891 ,
902 ,
947 ,
975 ,
1003,
999 ,
987 ,
971 ,
958 ,
958 ,
955 ,
942 ,
927 ,
915 ,
883 ,
858 ,
841 ,
863 ,
927 ,
978 ,
1002,
1013,
1007,
1007,
1007,
1013,
1021,
1019,
1015,
995 ,
978 ,
955 ,
957 ,
1018,
1090,
1141,
1170,
1190,
1189,
1197,
1211,
1223,
1239,
1239,
1231,
1229,
1211,
1194,
1191,
1247,
1327,
1391,
1431,
1453,
1459,
1466,
1477,
1495,
1503,
1503,
1495,
1487,
1467,
1459,
1437,
1417,
1397,
1399,
1462,
1542,
1595,
1623,
1643,
1650,
1655,
1669,
1685,
1695,
1691,
1679,
1663,
1647,
1625,
1613,
1589,
1565,
1557,
1597,
1671,
1719,
1739,
1743,
1751,
1743,
1746,
1759,
1766,
1755,
1737,
1711,
1683,
1661,
1631,
1599,
1575,
1550,
1575,
1623,
1659,
1674,
1663,
1654,
1637,
1639,
1635,
1621,
1599,
1573,
1535,
1514,
1477,
1439,
1403,
1367,
1326,
1295,
1317,
1338,
1356,
1343,
1325,
1303,
1277,
1259,
1243,
1227,
1203,
1167,
1129,
1097,
1061,
1023,
987 ,
950 ,
941 ,
967 ,
989 ,
991 ,
975 ,
959 ,
937 ,
916 ,
901 ,
891 ,
877 ,
857 ,
829 ,
801 ,
773 ,
745 ,
715 ,
727 ,
758 ,
789 ,
791 ,
791 ,
783 ,
767 ,
757 ,
757 ,
751 ,
735 ,
727 ,
709 ,
687 ,
663 ,
643 ,
655 ,
698 ,
739 ,
766 ,
778 ,
781 ,
777 ,
767 ,
776 ,
778 ,
773 ,
767 ,
763 ,
757 ,
731 ,
715 ,
724 ,
776 ,
831 ,
874 ,
891 ,
901 ,
904 ,
903 ,
906 ,
919 ,
922 ,
922 ,
911 ,
903 ,
891 ,
877 ,
859 ,
887 ,
949 ,
1007,
1030,
1061,
1063,
1059,
1061,
1071,
1079,
1071,
1069,
1053,
1037,
1019,
991 ,
965 ,
943 ,
919 ,
927 ,
978 ,
1029,
1051,
1054,
1047,
1031,
1023,
1023,
1019,
1017,
1005,
986 ,
965 ,
933 ,
913 ,
883 ,
855 ,
826 ,
803 ,
831 ,
887 ,
914 ,
923 ,
919 ,
904 ,
887 ,
887 ,
882 ,
879 ,
869 ,
853 ,
831 ,
807 ,
786 ,
751 ,
725 ,
709 ,
733 ,
781 ,
811 ,
821 ,
815 ,
803 ,
785 ,
777 ,
775 ,
767 ,
762 ,
750 ,
725 ,
695 ,
677 ,
646 ,
615 ,
607 ,
639 ,
682 ,
693 ,
699 ,
679 ,
655 ,
638 ,
623 ,
618 ,
611 ,
599 ,
571 ,
549 ,
523 ,
490 ,
457 ,
461 ,
495 ,
539 ,
559 ,
562 ,
549 ,
533 ,
523 ,
517 ,
519 ,
519 ,
506 ,
489 ,
467 ,
442 ,
419 ,
426 ,
471 ,
522 ,
562 ,
573 ,
571 ,
570 ,
565 ,
565 ,
575 ,
581 ,
575 ,
573 ,
558 ,
535 ,
533 ,
573 ,
635 ,
695 ,
731 ,
749 ,
767 ,
767 ,
775 ,
802 ,
821 ,
829 ,
831 ,
838 ,
831 ,
826 ,
859 ,
938 ,
1023,
1074,
1111,
1135,
1147,
1156,
1183,
1203,
1215,
1227,
1226,
1215,
1199,
1205,
1271,
1353,
1415,
1455,
1471,
1477,
1482,
1493,
1514,
1525,
1522,
1517,
1503,
1487,
1467,
1447,
1471,
1527,
1599,
1631,
1647,
1643,
1638,
1629,
1635,
1639,
1639,
1629,
1611,
1583,
1559,
1535,
1515,
1486,
1525,
1583,
1627,
1654,
1647,
1643,
1623,
1627,
1631,
1629,
1615,
1595,
1571,
1535,
1511,
1491,
1453,
1454,
1503,
1555,
1582,
1573,
1563,
1547,
1533,
1531,
1533,
1519,
1503,
1471,
1439,
1407,
1379,
1343,
1334,
1367,
1418,
1439,
1438,
1429,
1407,
1389,
1375,
1371,
1359,
1343,
1311,
1279,
1251,
1207,
1167,
1134,
1149,
1188,
1211,
1215,
1199,
1183,
1155,
1134,
1127,
1109,
1091,
1069,
1033,
1002,
967 ,
931 ,
903 ,
927 ,
978 ,
995 ,
997 ,
987 ,
963 ,
941 ,
933 ,
927 ,
919 ,
903 ,
882 ,
858 ,
827 ,
795 ,
789 ,
835 ,
882 ,
915 ,
927 ,
923 ,
895 ,
891 ,
893 ,
891 ,
893 ,
885 ,
869 ,
847 ,
821 ,
807 ,
855 ,
919 ,
975 ,
998 ,
1010,
1010,
1013,
1018,
1023,
1034,
1034,
1023,
1013,
1001,
983 ,
1010,
1087,
1149,
1192,
1213,
1223,
1223,
1221,
1239,
1246,
1255,
1254,
1239,
1227,
1211,
1191,
1211,
1279,
1349,
1390,
1415,
1419,
1425,
1423,
1437,
1451,
1450,
1450,
1429,
1407,
1391,
1367,
1343,
1325,
1333,
1387,
1455,
1487,
1503,
1515,
1511,
1509,
1525,
1527,
1527,
1517,
1495,
1483,
1459,
1437,
1415,
1385,
1358,
1351,
1387,
1446,
1479,
1495,
1495,
1483,
1479,
1471,
1479,
1479,
1463,
1450,
1421,
1397,
1373,
1343,
1317,
1287,
1267,
1290,
1341,
1365,
1370,
1365,
1351,
1335,
1326,
1322,
1307,
1291,
1271,
1247,
1211,
1173,
1141,
1109,
1076,
1059,
1087,
1114,
1123,
1114,
1099,
1074,
1053,
1043,
1029,
1013,
997 ,
969 ,
938 ,
905 ,
867 ,
835 ,
823 ,
853 ,
879 ,
891 ,
891 ,
877 ,
853 ,
837 ,
823 ,
815 ,
803 ,
781 ,
767 ,
735 ,
714 ,
677 ,
663 ,
701 ,
733 ,
766 ,
772 ,
777 ,
757 ,
749 ,
745 ,
741 ,
743 ,
727 ,
715 ,
695 ,
681 ,
653 ,
671 ,
722 ,
779 ,
810 ,
823 ,
823 ,
819 ,
823 ,
827 ,
842 ,
847 ,
842 ,
829 ,
814 ,
803 ,
807 ,
867 ,
935 ,
979 ,
1005,
1018,
1019,
1019,
1023,
1037,
1055,
1047,
1043,
1031,
1012,
1002,
1037,
1101,
1161,
1195,
1211,
1211,
1199,
1215,
1221,
1226,
1227,
1215,
1207,
1186,
1170,
1147,
1127,
1143,
1197,
1259,
1285,
1303,
1307,
1302,
1301,
1310,
1319,
1318,
1309,
1300,
1271,
1255,
1234,
1207,
1187,
1223,
1279,
1333,
1343,
1349,
1342,
1338,
1343,
1343,
1343,
1343,
1326,
1307,
1287,
1259,
1239,
1205,
1195,
1225,
1275,
1303,
1322,
1317,
1307,
1291,
1287,
1293,
1279,
1274,
1258,
1234,
1206,
1177,
1151,
1125,
1135,
1173,
1204,
1210,
1205,
1183,
1167,
1151,
1143,
1128,
1123,
1093,
1061,
1033,
1002,
967 ,
935 ,
951 ,
973 ,
991 ,
998 ,
989 ,
967 ,
950 ,
935 ,
923 ,
915 ,
895 ,
874 ,
850 ,
819 ,
791 ,
757 ,
759 ,
779 ,
819 ,
831 ,
823 ,
813 ,
798 ,
789 ,
785 ,
777 ,
765 ,
751 ,
727 ,
710 ,
682 ,
662 ,
675 ,
714 ,
749 ,
763 ,
767 ,
759 ,
751 ,
738 ,
746 ,
735 ,
738 ,
727 ,
709 ,
693 ,
663 ,
671 ,
715 ,
759 ,
799 ,
820 ,
820 ,
815 ,
815 ,
821 ,
831 ,
826 ,
821 ,
805 ,
799 ,
785 ,
767 ,
799 ,
859 ,
906 ,
933 ,
951 ,
959 ,
959 ,
965 ,
973 ,
981 ,
983 ,
979 ,
967 ,
949 ,
938 ,
925 ,
922 ,
975 ,
1029,
1071,
1094,
1099,
1093,
1106,
1109,
1115,
1125,
1119,
1110,
1085,
1079,
1061,
1033,
1021,
1051,
1111,
1151,
1163,
1173,
1175,
1171,
1175,
1175,
1178,
1171,
1151,
1139,
1123,
1098,
1071,
1047,
1047,
1091,
1138,
1157,
1161,
1162,
1146,
1135,
1134,
1131,
1131,
1119,
1101,
1077,
1050,
1023,
997 ,
983 ,
1011,
1045,
1063,
1067,
1054,
1037,
1015,
1010,
1002,
981 ,
955 ,
941 ,
906 ,
877 ,
845 ,
814 ,
799 ,
821 ,
847 ,
853 ,
847 ,
826 ,
803 ,
783 ,
767 ,
765 ,
741 ,
723 ,
699 ,
669 ,
639 ,
605 ,
594 ,
617 ,
646 ,
658 ,
655 ,
647 ,
629 ,
613 ,
598 ,
594 ,
581 ,
567 ,
550 ,
529 ,
502 ,
475 ,
493 ,
527 ,
567 ,
573 ,
581 ,
570 ,
557 ,
547 ,
538 ,
541 ,
532 ,
527 ,
511 ,
483 ,
465 ,
474 ,
517 ,
567 ,
597 ,
610 ,
613 ,
598 ,
602 ,
610 ,
607 ,
612 ,
605 ,
596 ,
582 ,
565 ,
567 ,
613 ,
670 ,
703 ,
730 ,
743 ,
731 ,
725 ,
741 ,
751 ,
759 ,
757 ,
749 ,
742 ,
723 ,
717 ,
762 ,
826 ,
870 ,
894 ,
903 ,
903 ,
909 ,
919 ,
927 ,
933 ,
933 ,
926 ,
909 ,
891 ,
874 ,
863 ,
877 ,
939 ,
995 ,
1029,
1047,
1051,
1043,
1047,
1061,
1067,
1067,
1062,
1046,
1023,
1013,
983 ,
965 ,
991 ,
1047,
1097,
1119,
1129,
1115,
1111,
1109,
1115,
1117,
1117,
1103,
1083,
1067,
1045,
1021,
999 ,
1030,
1077,
1114,
1123,
1126,
1115,
1101,
1095,
1095,
1093,
1085,
1063,
1043,
1019,
979 ,
957 ,
933 ,
966 ,
997 ,
1023,
1015,
1001,
983 ,
963 ,
943 ,
939 ,
927 ,
911 ,
885 ,
858 ,
827 ,
798 ,
767 ,
773 ,
799 ,
823 ,
831 ,
821 ,
802 ,
775 ,
763 ,
757 ,
741 ,
724 ,
707 ,
678 ,
658 ,
626 ,
597 ,
618 ,
653 ,
678 ,
683 ,
687 ,
667 ,
655 ,
647 ,
646 ,
644 ,
629 ,
615 ,
594 ,
573 ,
555 ,
571 ,
616 ,
661 ,
665 ,
679 ,
678 ,
667 ,
666 ,
663 ,
669 ,
674 ,
658 ,
649 ,
623 ,
613 ,
631 ,
679 ,
727 ,
755 ,
775 ,
779 ,
777 ,
778 ,
779 ,
794 ,
799 ,
794 ,
785 ,
775 ,
759 ,
759 ,
805 ,
862 ,
906 ,
930 ,
943 ,
946 ,
949 ,
958 ,
971 ,
981 ,
983 ,
971 ,
966 ,
943 ,
930 ,
923 ,
963 ,
1019,
1071,
1091,
1109,
1111,
1102,
1110,
1119,
1126,
1119,
1114,
1102,
1079,
1065,
1047,
1031,
1062,
1119,
1163,
1179,
1183,
1189,
1175,
1190,
1197,
1202,
1197,
1187,
1162,
1149,
1131,
1111,
1095,
1117,
1173,
1215,
1231,
1231,
1229,
1223,
1221,
1221,
1227,
1215,
1206,
1189,
1163,
1143,
1119,
1098,
1123,
1163,
1197,
1203,
1189,
1187,
1171,
1167,
1161,
1157,
1143,
1122,
1099,
1075,
1046,
1029,
1051,
1087,
1102,
1109,
1098,
1079,
1059,
1051,
1044,
1037,
1019,
991 ,
970 ,
941 ,
905 ,
909 ,
938 ,
958 ,
958 ,
955 ,
932 ,
910 ,
895 ,
885 ,
869 ,
854 ,
837 ,
807 ,
767 ,
741 ,
759 ,
786 ,
811 ,
821 ,
809 ,
789 ,
775 ,
762 ,
751 ,
747 ,
727 ,
709 ,
679 ,
654 ,
639 ,
666 ,
703 ,
733 ,
735 ,
743 ,
731 ,
722 ,
717 ,
715 ,
711 ,
709 ,
690 ,
674 ,
653 ,
655 ,
695 ,
741 ,
767 ,
775 ,
795 ,
782 ,
786 ,
791 ,
795 ,
799 ,
786 ,
774 ,
763 ,
746 ,
745 ,
794 ,
847 ,
885 ,
905 ,
907 ,
909 ,
905 ,
909 ,
925 ,
927 ,
927 ,
919 ,
905 ,
887 ,
879 ,
923 ,
987 ,
1023,
1043,
1051,
1041,
1047,
1047,
1055,
1055,
1050,
1045,
1023,
1006,
986 ,
962 ,
975 ,
1019,
1083,
1117,
1130,
1135,
1131,
1127,
1141,
1159,
1157,
1150,
1133,
1125,
1103,
1083,
1067,
1067,
1119,
1175,
1214,
1223,
1223,
1215,
1213,
1223,
1225,
1226,
1215,
1205,
1194,
1167,
1147,
1119,
1111,
1146,
1194,
1237,
1243,
1243,
1227,
1211,
1199,
1207,
1202,
1193,
1173,
1146,
1125,
1087,
1059,
1045,
1074,
1117,
1142,
1141,
1127,
1099,
1079,
1071,
1065,
1050,
1031,
1005,
978 ,
943 ,
909 ,
885 ,
893 ,
938 ,
959 ,
967 ,
954 ,
937 ,
918 ,
905 ,
895 ,
891 ,
875 ,
850 ,
823 ,
791 ,
754 ,
735 ,
766 ,
807 ,
840 ,
853 ,
843 ,
830 ,
820 ,
809 ,
807 ,
805 ,
791 ,
778 ,
757 ,
735 ,
714 ,
715 ,
767 ,
821 ,
853 ,
858 ,
863 ,
853 ,
855 ,
859 ,
872 ,
873 ,
859 ,
853 ,
831 ,
811 ,
813 ,
863 ,
923 ,
969 ,
990 ,
1002,
991 ,
989 ,
997 ,
1003,
1015,
1013,
1002,
987 ,
969 ,
955 ,
981 ,
1053,
1111,
1141,
1157,
1162,
1159,
1158,
1175,
1179,
1181,
1179,
1163,
1143,
1125,
1106,
1125,
1189,
1253,
1293,
1315,
1315,
1311,
1319,
1330,
1339,
1347,
1354,
1330,
1319,
1301,
1279,
1269,
1287,
1351,
1413,
1448,
1466,
1463,
1461,
1467,
1471,
1479,
1483,
1469,
1461,
1437,
1414,
1397,
1366,
1375,
1431,
1491,
1514,
1525,
1515,
1502,
1495,
1499,
1502,
1495,
1479,
1463,
1431,
1402,
1367,
1335,
1323,
1365,
1398,
1415,
1417,
1402,
1375,
1359,
1347,
1339,
1327,
1317,
1303,
1271,
1245,
1211,
1199,
1231,
1269,
1299,
1306,
1293,
1277,
1267,
1262,
1261,
1247,
1235,
1215,
1183,
1157,
1130,
1123,
1165,
1203,
1231,
1243,
1237,
1223,
1211,
1207,
1207,
1203,
1187,
1172,
1149,
1119,
1111,
1141,
1194,
1234,
1247,
1259,
1247,
1235,
1229,
1231,
1234,
1227,
1213,
1207,
1173,
1156,
1192,
1246,
1287,
1311,
1317,
1319,
1317,
1323,
1327,
1335,
1335,
1321,
1303,
1286,
1271,
1299,
1355,
1399,
1415,
1419,
1407,
1407,
1405,
1407,
1407,
1405,
1386,
1367,
1343,
1311,
1303,
1330,
1381,
1421,
1439,
1431,
1426,
1413,
1415,
1415,
1412,
1407,
1394,
1367,
1349,
1317,
1298,
1291,
1325,
1369,
1391,
1406,
1399,
1383,
1367,
1367,
1370,
1363,
1343,
1327,
1303,
1279,
1247,
1223,
1229,
1277,
1311,
1322,
1318,
1303,
1279,
1271,
1263,
1263,
1251,
1234,
1213,
1183,
1151,
1123,
1115,
1151,
1186,
1197,
1189,
1170,
1146,
1131,
1119,
1115,
1101,
1082,
1059,
1028,
997 ,
971 ,
978 ,
1003,
1045,
1050,
1045,
1029,
1010,
991 ,
995 ,
987 ,
971 ,
954 ,
930 ,
902 ,
875 ,
859 ,
887 ,
932 ,
954 ,
970 ,
973 ,
951 ,
943 ,
939 ,
935 ,
942 ,
925 ,
919 ,
903 ,
883 ,
855 ,
855 ,
887 ,
939 ,
978 ,
989 ,
990 ,
990 ,
986 ,
990 ,
999 ,
1003,
1002,
989 ,
970 ,
957 ,
939 ,
942 ,
996 ,
1043,
1079,
1099,
1106,
1103,
1109,
1114,
1131,
1127,
1127,
1123,
1109,
1099,
1087,
1077,
1119,
1179,
1225,
1255,
1263,
1263,
1275,
1290,
1306,
1318,
1323,
1315,
1315,
1293,
1291,
1275,
1269,
1303,
1363,
1402,
1421,
1419,
1417,
1419,
1421,
1426,
1429,
1418,
1399,
1382,
1362,
1351,
1325,
1311,
1285,
1261,
1263,
1303,
1350,
1365,
1375,
1365,
1349,
1349,
1351,
1354,
1343,
1330,
1317,
1289,
1271,
1243,
1223,
1199,
1174,
1165,
1195,
1235,
1247,
1243,
1237,
1229,
1215,
1215,
1215,
1213,
1191,
1171,
1143,
1119,
1099,
1069,
1042,
1015,
995 ,
1019,
1053,
1067,
1067,
1053,
1031,
1021,
1007,
998 ,
983 ,
970 ,
943 ,
907 ,
884 ,
855 ,
821 ,
795 ,
771 ,
783 ,
805 ,
823 ,
822 ,
811 ,
786 ,
767 ,
762 ,
754 ,
746 ,
723 ,
708 ,
687 ,
655 ,
630 ,
606 ,
596 ,
618 ,
649 ,
669 ,
667 ,
657 ,
647 ,
634 ,
631 ,
635 ,
626 ,
619 ,
599 ,
585 ,
567 ,
543 ,
523 ,
539 ,
581 ,
630 ,
654 ,
667 ,
671 ,
671 ,
666 ,
681 ,
691 ,
695 ,
695 ,
683 ,
669 ,
663 ,
655 ,
657 ,
699 ,
767 ,
813 ,
845 ,
863 ,
874 ,
890 ,
906 ,
933 ,
943 ,
951 ,
957 ,
955 ,
954 ,
947 ,
951 ,
990 ,
1055,
1130,
1173,
1205,
1227,
1245,
1274,
1299,
1321,
1335,
1339,
1339,
1334,
1327,
1321,
1311,
1343,
1406,
1471,
1503,
1531,
1535,
1547,
1567,
1582,
1589,
1599,
1582,
1573,
1563,
1551,
1531,
1519,
1493,
1475,
1450,
1446,
1486,
1535,
1563,
1575,
1579,
1571,
1573,
1575,
1575,
1571,
1555,
1535,
1519,
1501,
1466,
1431,
1417,
1395,
1363,
1355,
1383,
1415,
1426,
1419,
1407,
1391,
1387,
1383,
1373,
1363,
1339,
1311,
1284,
1255,
1227,
1197,
1167,
1135,
1111,
1103,
1119,
1158,
1139,
1135,
1111,
1101,
1079,
1065,
1061,
1033,
1013,
983 ,
955 ,
927 ,
894 ,
863 ,
831 ,
806 ,
814 ,
834 ,
845 ,
835 ,
823 ,
805 ,
786 ,
783 ,
759 ,
755 ,
731 ,
714 ,
687 ,
661 ,
629 ,
602 ,
581 ,
555 ,
571 ,
594 ,
607 ,
607 ,
607 ,
591 ,
585 ,
578 ,
565 ,
562 ,
555 ,
535 ,
517 ,
494 ,
479 ,
451 ,
427 ,
437 ,
482 ,
518 ,
538 ,
546 ,
541 ,
546 ,
546 ,
554 ,
555 ,
559 ,
559 ,
554 ,
549 ,
535 ,
523 ,
521 ,
546 ,
603 ,
659 ,
693 ,
717 ,
722 ,
741 ,
751 ,
767 ,
786 ,
794 ,
794 ,
795 ,
789 ,
778 ,
765 ,
750 ,
741 ,
763 ,
823 ,
877 ,
922 ,
938 ,
957 ,
966 ,
978 ,
991 ,
1007,
1013,
1013,
1001,
995 ,
983 ,
969 ,
955 ,
941 ,
925 ,
939 ,
990 ,
1043,
1077,
1095,
1099,
1099,
1101,
1109,
1119,
1126,
1119,
1107,
1087,
1070,
1051,
1031,
1007,
987 ,
1013,
1061,
1098,
1111,
1111,
1109,
1099,
1095,
1101,
1099,
1086,
1078,
1051,
1037,
1013,
982 ,
951 ,
943 ,
973 ,
1019,
1035,
1037,
1037,
1019,
1019,
1006,
1013,
1001,
987 ,
970 ,
947 ,
925 ,
895 ,
869 ,
843 ,
858 ,
891 ,
931 ,
943 ,
947 ,
943 ,
933 ,
923 ,
925 ,
933 ,
925 ,
903 ,
879 ,
861 ,
823 ,
805 ,
791 ,
815 ,
850 ,
874 ,
883 ,
879 ,
859 ,
855 ,
853 ,
855 ,
853 ,
851 ,
831 ,
826 ,
807 ,
782 ,
783 ,
813 ,
859 ,
879 ,
895 ,
901 ,
895 ,
887 ,
895 ,
895 ,
901 ,
893 ,
884 ,
871 ,
855 ,
841 ,
845 ,
885 ,
938 ,
975 ,
990 ,
999 ,
1005,
1006,
1019,
1023,
1034,
1028,
1023,
1013,
997 ,
991 ,
1003,
1047,
1107,
1146,
1167,
1181,
1191,
1195,
1211,
1226,
1231,
1243,
1237,
1223,
1215,
1202,
1205,
1247,
1307,
1351,
1383,
1399,
1407,
1411,
1421,
1422,
1431,
1438,
1431,
1413,
1398,
1383,
1363,
1343,
1362,
1417,
1463,
1495,
1514,
1513,
1515,
1517,
1525,
1531,
1527,
1519,
1513,
1491,
1471,
1455,
1431,
1415,
1419,
1467,
1514,
1535,
1546,
1554,
1543,
1547,
1550,
1551,
1549,
1535,
1531,
1509,
1487,
1471,
1449,
1423,
1423,
1462,
1503,
1523,
1529,
1522,
1515,
1510,
1511,
1511,
1499,
1483,
1455,
1437,
1413,
1383,
1355,
1327,
1319,
1343,
1367,
1383,
1383,
1371,
1358,
1343,
1335,
1327,
1315,
1289,
1258,
1239,
1211,
1181,
1151,
1127,
1147,
1175,
1195,
1190,
1178,
1159,
1143,
1135,
1125,
1123,
1106,
1077,
1058,
1031,
998 ,
971 ,
975 ,
1001,
1031,
1039,
1045,
1034,
1019,
1015,
1011,
1005,
998 ,
983 ,
965 ,
941 ,
919 ,
895 ,
904 ,
938 ,
983 ,
1010,
1023,
1023,
1019,
1021,
1031,
1042,
1043,
1045,
1031,
1033,
1028,
1023,
1053,
1115,
1178,
1229,
1258,
1279,